27
1,Japan
2,United Kingdom
3,Venezuela
4,France
5,Mexico
6,Netherlands
7,Hungary
8,Canada
9,Lebanon
10,Jordan
11,Poland
12,Saudi Arabia
13,Australia
14,Czech Republic
15,Romania
16,Germany
17,Sweden
18,Iran
19,Italy
20,Belgium
21,Denmark
22,Pakistan
23,Turkey
24,Egypt
25,Greece
26,Brazil
27,Spain
19,19,18
1,21,23,22,18,20,13,27,2,3,25,8,17,6,5,7,1,26,4,16,14,15,19,11
1,21,6,17,13,8,2,16,4,20,27,1,14,7,25,19,11,10,23,3,18,22,24,9,26,15,5,12
1,17,21,6,13,16,8,20,7,1,4,14,25,2,19,27,11,15,26,22,18,3,12,24,9,10,23,5
1,21,17,8,13,20,2,27,6,4,26,1,14,16,3,24,5,19,15,11,25,9,7,18,22,23
1,8
1,14,17,21,7,20,6,15,24,22,16,4,1,11,8,19,10,27,2,13,25,18,23,5,3,26
1,21,14,17,15,6,20,4,7,27,22,19,2,25,11,18,23,5,3,26
2,
1,1,27,13,19,17,8,4,20,6,25,2,16,21,14,5,9,11,15,7,3,10,23,12,18,26,24,22
1,21,6,8,17,13,20,3,27,4,12,2,19,26,16,5,1,14,10,25,11,9,18,22,7,24,15,23
1,21,6,17,8,20,13,12,16,19,2,4,1,27,25,14,7,11,23,5,3,18,15,9,26,10,24,22
1,17,13,1,7,5
1,17,1,21,16,5,4,6,3,8,22,13,10,27,12,14,20,2,25,11,7,9,19,26,24,15,18
1,21,13,2,8,12,6,20,18,10,4,1,3,26,5,27,16,22,25,23,14,7,19,9,15,11
1,6,2,21,13,17,8,5,3,26,20,27,16,4,1,24,12,14,11,10,25,19,7,15,18,9,23
1,2,21,13,16,8,27,3,17,6,4,20,7,19,1,11,10,14,5,26,12,24,15,25,23,9,18,22
1,24,3,25,26,22,23,15,9,5,11,7,14,10,18,19,12,16,1,27,8,2,17,4,13,20,21,6
1,24,23,22,15,9,25,7,11,18,26,3,5,10,14,19,1,16,12,27,2,4,8,17,13,20,21,6
